function [c1,Ga,GIter] = case12dynamic() 
c1 = [0.0000000000 
0.0000000000 
0.0000000000 
0.0000000000 
0.0000000000 
0.0000000000 
0.0000000000 
0.0000000000 
0.0000000000 
0.0000000000 
0.0000000000 
0.0000000000 
0.0000000000 
0.0000000000 
0.0000000000 
0.0000000000 
0.4223144692 
0.2217883002 
0.1619551835 
0.1338551656 
0.1179312548 
0.1079376458 
0.1012592320 
0.0966071485 
0.0932723269 
0.0908325658 
0.0890211614 
0.0876618426 
0.0866339510 
0.0858526012 
0.0852567673 
0.0848017945 
0.0844544828 
0.0841897057 
0.0839879351 
0.0838332525 
0.0837115067 
0.0836082823 
0.0835062513 
0.2501468481 
0.0000000000 
];
Ga = [-0.0019484225 
0.0000000000 
-0.0000000000 
0.0000000000 
0.0000000000 
-0.0000000000 
0.0000000000 
-0.0000000000 
0.0000000000 
-0.0000000000 
0.0000000000 
0.0000000000 
0.0000000000 
-0.0000000000 
0.0000000000 
0.0000057534 
0.0000016402 
-0.0000024068 
-0.0000003090 
0.0000002897 
0.0000006565 
0.0000009911 
0.0000013606 
0.0000018039 
0.0000023555 
0.0000030532 
0.0000039425 
0.0000050804 
0.0000065395 
0.0000084123 
0.0000108177 
0.0000139081 
0.0000178795 
0.0000229833 
0.0000295421 
0.0000379684 
0.0000487883 
0.0000626674 
0.0008084344 
0.0003109751 
-1.0119480463 
];
GIter = [0.0001361733 
];
end 
