function [u1,u2,u3,ue,u0] = case12() 
u1 = [0.9944344058 
0.9949194514 
0.9954009726 
0.9958779000 
0.9963488610 
0.9968120943 
0.9972653392 
0.9977056943 
0.9981294361 
0.9985317859 
0.9989066108 
0.9992460397 
0.9995399711 
0.9997754410 
0.9999358115 
0.9999997297 
0.9999397918 
0.9997208284 
0.9992977034 
0.9986124902 
0.9975908470 
0.9961373646 
0.9941295969 
0.9914103989 
0.9877780936 
0.9829738528 
0.9766655012 
0.9684267316 
0.9577104295 
0.9438144389 
0.9258376260 
0.9026234936 
0.8726878155 
0.8341257645 
0.7844927224 
0.7206513138 
0.6385750919 
0.5330965932 
0.3975839954 
0.2235261466 
0.0000000000 
];
u2 = [0.9944344058 
0.9949194520 
0.9954009738 
0.9958779020 
0.9963488641 
0.9968120987 
0.9972653451 
0.9977057022 
0.9981294465 
0.9985317994 
0.9989066280 
0.9992460615 
0.9995399987 
0.9997754756 
0.9999358547 
0.9999997836 
0.9999398587 
0.9997209111 
0.9992978055 
0.9986126158 
0.9975910009 
0.9961375527 
0.9941298261 
0.9914106772 
0.9877784302 
0.9829742582 
0.9766659873 
0.9684273113 
0.9577111167 
0.9438152476 
0.9258385700 
0.9026245843 
0.8726890600 
0.8341271624 
0.7844942604 
0.7206529589 
0.6385767812 
0.5330982194 
0.3975853869 
0.2235270396 
0.0000000000 
];
u3 = [0.9944344058 
0.9949199852 
0.9954021702 
0.9958799222 
0.9963519063 
0.9968164072 
0.9972712205 
0.9977135135 
0.9981396458 
0.9985449393 
0.9989233822 
0.9992672492 
0.9995666126 
0.9998087144 
0.9999771602 
1.0000508816 
1.0000044528 
0.9998023729 
0.9993990439 
0.9987376245 
0.9977446421 
0.9963256135 
0.9943591127 
0.9916891094 
0.9881151159 
0.9833795237 
0.9771513315 
0.9690052363 
0.9583947679 
0.9446177692 
0.9267720424 
0.9036983581 
0.8739072291 
0.8354848215 
0.7859720615 
0.7222092989 
0.6401367168 
0.5345378769 
0.3987101996 
0.2242492202 
0.0000000000 
];
ue = [0.9944344058 
0.9946287893 
0.9948226951 
0.9950160688 
0.9952088506 
0.9954009740 
0.9955923659 
0.9957829451 
0.9959726223 
0.9961612985 
0.9963488646 
0.9965351999 
0.9967201710 
0.9969036304 
0.9970854155 
0.9972653462 
0.9974432237 
0.9976188284 
0.9977919176 
0.9979622230 
0.9981294484 
0.9982932661 
0.9984533145 
0.9986091936 
0.9987604619 
0.9989066311 
0.9990471619 
0.9991814583 
0.9993088619 
0.9994286450 
0.9995400037 
0.9996420496 
0.9997338011 
0.9998141737 
0.9998819689 
0.9999358626 
0.9999743914 
0.9999959388 
0.9999987183 
0.9999807560 
0.9999398708 
0.9998736528 
0.9997794391 
0.9996542874 
0.9994949464 
0.9992978239 
0.9990589505 
0.9987739402 
0.9984379467 
0.9980456152 
0.9975910287 
0.9970676496 
0.9964682536 
0.9957848588 
0.9950086453 
0.9941298675 
0.9931377572 
0.9920204159 
0.9907646965 
0.9893560720 
0.9877784910 
0.9860142172 
0.9840436532 
0.9818451446 
0.9793947645 
0.9766660750 
0.9736298634 
0.9702538512 
0.9665023722 
0.9623360171 
0.9577112408 
0.9525799278 
0.9468889132 
0.9405794524 
0.9335866355 
0.9258387404 
0.9172565179 
0.9077524014 
0.8972296345 
0.8855813061 
0.8726892848 
0.8584230415 
0.8426383481 
0.8251758399 
0.8058594267 
0.7844945381 
0.7608661834 
0.7347368087 
0.7058439292 
0.6738975121 
0.6385770862 
0.5995285467 
0.5563606260 
0.5086409927 
0.4558919431 
0.3975856381 
0.3331388426 
0.2619071112 
0.1831783643 
0.0961657897 
-0.0000000000 
];
u0 = [0.9944344058 
0.9949200554 
0.9954023306 
0.9958801984 
0.9963523316 
0.9968170240 
0.9972720834 
0.9977146928 
0.9981412316 
0.9985470476 
0.9989261620 
0.9992708920 
0.9995713642 
0.9998148912 
0.9999851683 
1.0000612433 
1.0000161909 
0.9998154107 
0.9994144387 
0.9987561359 
0.9977670750 
0.9963528973 
0.9943923457 
0.9917295972 
0.9881644091 
0.9834394572 
0.9772240632 
0.9690932845 
0.9585010428 
0.9447455930 
0.9269251478 
0.9038808533 
0.8741235087 
0.8357393963 
0.7862692672 
0.7225528305 
0.6405289116 
0.5349786434 
0.3991954500 
0.2245609556 
0.0000000000 
];
end 
