function [u1,u2,u3,ue,u0] = case14() 
u1 = [0.0000000020 
0.0000000033 
0.0000000055 
0.0000000090 
0.0000000148 
0.0000000244 
0.0000000401 
0.0000000661 
0.0000001089 
0.0000001795 
0.0000002957 
0.0000004870 
0.0000008023 
0.0000013217 
0.0000021773 
0.0000035867 
0.0000059085 
0.0000097333 
0.0000160340 
0.0000264134 
0.0000435116 
0.0000716783 
0.0001180780 
0.0001945143 
0.0003204291 
0.0005278576 
0.0008695446 
0.0014324813 
0.0023595882 
0.0038877324 
0.0064017826 
0.0105556248 
0.0173523030 
0.0287205746 
0.0468070323 
0.0789913398 
0.1230979607 
0.2289877811 
0.2795047451 
0.8248130224 
0.0000000000 
];
u2 = [0.0000000020 
0.0000000033 
0.0000000054 
0.0000000090 
0.0000000148 
0.0000000243 
0.0000000400 
0.0000000659 
0.0000001086 
0.0000001788 
0.0000002944 
0.0000004848 
0.0000007983 
0.0000013146 
0.0000021647 
0.0000035644 
0.0000058694 
0.0000096648 
0.0000159146 
0.0000262057 
0.0000431517 
0.0000710557 
0.0001170039 
0.0001926646 
0.0003172512 
0.0005224019 
0.0008602133 
0.0014164710 
0.0023324307 
0.0038407088 
0.0063242484 
0.0104141341 
0.0171467794 
0.0282437263 
0.0464590480 
0.0767639541 
0.1249865424 
0.2134673475 
0.3101133605 
0.7343774922 
0.0000000000 
];
u3 = [0.0000000020 
0.0000000033 
0.0000000054 
0.0000000090 
0.0000000148 
0.0000000243 
0.0000000400 
0.0000000659 
0.0000001086 
0.0000001788 
0.0000002944 
0.0000004847 
0.0000007982 
0.0000013136 
0.0000021627 
0.0000035607 
0.0000058626 
0.0000096524 
0.0000158921 
0.0000261655 
0.0000430800 
0.0000709289 
0.0001167804 
0.0001922725 
0.0003165658 
0.0005212080 
0.0008581397 
0.0014128791 
0.0023262263 
0.0038300026 
0.0063058784 
0.0103823175 
0.0170936523 
0.0281452974 
0.0463301300 
0.0763385219 
0.1253283563 
0.2085486475 
0.3301122646 
0.4755338719 
0.0000000000 
];
ue = [0.0000000020 
0.0000000025 
0.0000000030 
0.0000000037 
0.0000000045 
0.0000000055 
0.0000000067 
0.0000000082 
0.0000000100 
0.0000000122 
0.0000000149 
0.0000000182 
0.0000000223 
0.0000000272 
0.0000000332 
0.0000000406 
0.0000000496 
0.0000000606 
0.0000000741 
0.0000000905 
0.0000001106 
0.0000001351 
0.0000001651 
0.0000002017 
0.0000002465 
0.0000003012 
0.0000003680 
0.0000004496 
0.0000005494 
0.0000006713 
0.0000008203 
0.0000010023 
0.0000012247 
0.0000014965 
0.0000018285 
0.0000022343 
0.0000027300 
0.0000033358 
0.0000040760 
0.0000049804 
0.0000060856 
0.0000074359 
0.0000090859 
0.0000111020 
0.0000135655 
0.0000165755 
0.0000202535 
0.0000247477 
0.0000302390 
0.0000369489 
0.0000451476 
0.0000551655 
0.0000674064 
0.0000823634 
0.0001006393 
0.0001229705 
0.0001502568 
0.0001835978 
0.0002243370 
0.0002741159 
0.0003349404 
0.0004092614 
0.0005000738 
0.0006110369 
0.0007466219 
0.0009122924 
0.0011147240 
0.0013620739 
0.0016643091 
0.0020336083 
0.0024848525 
0.0030362249 
0.0037099431 
0.0045331549 
0.0055390320 
0.0067681065 
0.0082699045 
0.0101049416 
0.0123471613 
0.0150869147 
0.0184346012 
0.0225251172 
0.0275232916 
0.0336305278 
0.0410929194 
0.0502111662 
0.0613526917 
0.0749664480 
0.0916010066 
0.1119266638 
0.1367624497 
0.1671091322 
0.2041895427 
0.2494978508 
0.3048597727 
0.3725061387 
0.4551627856 
0.5561603953 
0.6795687063 
0.8303605048 
-0.0000000000 
];
u0 = [0.0000000020 
-0.0000000017 
0.0000000015 
-0.0000000013 
0.0000000011 
-0.0000000010 
0.0000000008 
-0.0000000007 
0.0000000006 
-0.0000000005 
0.0000000005 
-0.0000000004 
0.0000000003 
-0.0000000003 
0.0000000003 
-0.0000000002 
0.0000000002 
-0.0000000002 
0.0000000001 
-0.0000000001 
0.0000000001 
-0.0000000001 
0.0000000001 
-0.0000000001 
0.0000000001 
-0.0000000000 
0.0000000000 
-0.0000000000 
0.0000000000 
-0.0000000000 
0.0000000000 
-0.0000000000 
0.0000000000 
-0.0000000000 
0.0000000000 
-0.0000000000 
0.0000000000 
-0.0000000000 
0.0000000000 
-0.0000000000 
0.0000000000 
];
end 
