function [error0,error2,error3,H2norm,H3norm,H0norm,L2ele0,L2ele2,L2ele3] = case12error() 
error0 = 0.0009834910650472;
error2 = 0.0012860010820003; 
error3 = 0.0010214489688674; 
H2norm = 7.1459573893098934e+01;
H3norm = 7.1459549877060098e+01; 
H0norm = 7.1459499040935171e+01; 
L2ele0 = [0.0000000332198416 
0.0000001100424178 
0.0000002260631128 
0.0000003722757260 
0.0000005542753958 
0.0000007800085364 
0.0000010593920740 
0.0000014045629934 
0.0000018302735771 
0.0000023543734532 
0.0000029983683494 
0.0000037880520380 
0.0000047542051121 
0.0000059333465478 
0.0000073685114469 
0.0000091100094848 
0.0000112160911426 
0.0000137534096152 
0.0000167971111221 
0.0000204303096378 
0.0000247425966315 
0.0000298270932943 
0.0000357753612908 
0.0000426692368807 
0.0000505683331789 
0.0000594915676234 
0.0000693906492810 
0.0000801131228508 
0.0000913526668629 
0.0001025858904555 
0.0001130008112527 
0.0001214416883928 
0.0001264589934482 
0.0001267767191958 
0.0001232907983735 
0.0001257511075129 
0.0001622410219743 
0.0002634579843136 
0.0004467641426843 
0.0007343579457611 
];
L2ele2 = [0.0000000443163320 
0.0000000579077487 
0.0000000753506805 
0.0000000977364145 
0.0000001264654431 
0.0000001633350746 
0.0000002106518666 
0.0000002713759167 
0.0000003493060365 
0.0000004493173926 
0.0000005776664810 
0.0000007423825129 
0.0000009537696956 
0.0000012250518298 
0.0000015731995468 
0.0000020199919352 
0.0000025933789689 
0.0000033292299651 
0.0000042735774504 
0.0000054854968037 
0.0000070408018166 
0.0000090367873540 
0.0000115983157995 
0.0000148856280331 
0.0000191043675720 
0.0000245184449484 
0.0000314665470812 
0.0000403833244090 
0.0000518265811853 
0.0000665121698677 
0.0000853587724810 
0.0001095453703255 
0.0001405849971478 
0.0001804193895261 
0.0002315404554863 
0.0002971461600216 
0.0003813405791989 
0.0004893906375730 
0.0006280555895509 
0.0008060098559685 
];
L2ele3 = [0.0000000298640632 
0.0000000919848601 
0.0000001915540566 
0.0000003167904364 
0.0000004718620593 
0.0000006629995249 
0.0000008979311134 
0.0000011859860448 
0.0000015383113911 
0.0000019681270393 
0.0000024909935698 
0.0000031250713231 
0.0000038913412755 
0.0000048137444512 
0.0000059191762059 
0.0000073719959145 
0.0000092690423066 
0.0000115168763286 
0.0000141305184133 
0.0000172119853714 
0.0000208379183892 
0.0000250792634012 
0.0000299994962027 
0.0000356473100915 
0.0000420446587233 
0.0000491692470661 
0.0000569300972656 
0.0000651349432642 
0.0000734495246627 
0.0000813534710469 
0.0000881117998797 
0.0000928256153321 
0.0000947697544619 
0.0000946870560208 
0.0000986914881723 
0.0001238428893409 
0.0001914210586966 
0.0003160000805936 
0.0004989879167538 
0.0007554357687417 
];
end 
