function [error0,error2,error3,H2norm,H3norm,H0norm,L2ele0,L2ele2,L2ele3] = case11error() 
error0 = 0.1597812583782586;
error2 = 0.0854530474138856; 
error3 = 0.0974121319224192; 
H2norm = 7.1338500568536702e+01;
H3norm = 7.1332750012762489e+01; 
H0norm = 7.1456351052667472e+01; 
L2ele0 = [0.0000000004532668 
0.0000000007011505 
0.0000000011439472 
0.0000000018743193 
0.0000000030937643 
0.0000000051003877 
0.0000000084199940 
0.0000000138930343 
0.0000000229309847 
0.0000000378426427 
0.0000000624563922 
0.0000001030750714 
0.0000001701140908 
0.0000002807513151 
0.0000004633466227 
0.0000007646959690 
0.0000012620377159 
0.0000020828379579 
0.0000034374693444 
0.0000056731214265 
0.0000093627920852 
0.0000154521405898 
0.0000255018647043 
0.0000420877022147 
0.0000694605949357 
0.0001146361994427 
0.0001891929988287 
0.0003122398590667 
0.0005153136229232 
0.0008504619835117 
0.0014035832808643 
0.0023164421976756 
0.0038230039703434 
0.0063093995488120 
0.0104128907466290 
0.0171852000910045 
0.0283620667262465 
0.0468081153971253 
0.0772510581891181 
0.1268867838923277 
];
L2ele2 = [0.0000000000088710 
0.0000000000132500 
0.0000000000196566 
0.0000000000289786 
0.0000000000425361 
0.0000000000624508 
0.0000000000925398 
0.0000000001404298 
0.0000000002220767 
0.0000000003701711 
0.0000000006482720 
0.0000000011747911 
0.0000000021658522 
0.0000000040125448 
0.0000000074183583 
0.0000000136414878 
0.0000000249200356 
0.0000000452155930 
0.0000000815096121 
0.0000001460571488 
0.0000002602949238 
0.0000004616021311 
0.0000008149712154 
0.0000014331152989 
0.0000025110455304 
0.0000043854469977 
0.0000076363999256 
0.0000132618332782 
0.0000229739492884 
0.0000397150370524 
0.0000684845912606 
0.0001180321784834 
0.0002022043232545 
0.0003505267421377 
0.0005814249764665 
0.0010994453170434 
0.0013398086658308 
0.0054458302232119 
0.0103766549330939 
0.0846248462950775 
];
L2ele3 = [0.0000000000088652 
0.0000000000132259 
0.0000000000195952 
0.0000000000288476 
0.0000000000422858 
0.0000000000620210 
0.0000000000918991 
0.0000000001397045 
0.0000000002218213 
0.0000000003716793 
0.0000000006553449 
0.0000000011853313 
0.0000000022361277 
0.0000000041947640 
0.0000000077873305 
0.0000000143594743 
0.0000000262796105 
0.0000000477401193 
0.0000000861289977 
0.0000001544141891 
0.0000002752775627 
0.0000004882656034 
0.0000008621316538 
0.0000015160969790 
0.0000026564091862 
0.0000046391004661 
0.0000080775495994 
0.0000140266055941 
0.0000242971262919 
0.0000419940006137 
0.0000724269994062 
0.0001247023975572 
0.0002141845079265 
0.0003681933815878 
0.0006263962193480 
0.0010984699239525 
0.0017136916877346 
0.0039319939506367 
0.0135143220084555 
0.0963653741587797 
];
end 
