function [c1,Ga,GIter] = case11dynamic() 
c1 = [0.4900000000 
0.4900000000 
0.4900000000 
0.4900000000 
0.4900000000 
0.4900000000 
0.4900000000 
0.4900000000 
0.4900000000 
0.4900000000 
0.4900000000 
0.4900000000 
0.4900000000 
0.4900000000 
0.5107017312 
0.5107017312 
0.5107017312 
0.5107017312 
0.5107017312 
0.5107017312 
0.5107017312 
0.5107017312 
0.5107017311 
0.5107017310 
0.5107017308 
0.5107017301 
0.5107017282 
0.5107017231 
0.5107017093 
0.5107016717 
0.5107015690 
0.5107012838 
0.5107004677 
0.5106979740 
0.5106896982 
0.5106527137 
0.5105827595 
0.5077473209 
0.4948477618 
0.9606048504 
0.4900000000 
];
Ga = [0.0000000001 
-0.0000000000 
-0.0000000000 
-0.0000000000 
-0.0000000000 
-0.0000000000 
-0.0000000000 
-0.0000000001 
-0.0000000001 
-0.0000000002 
-0.0000000003 
-0.0000000005 
-0.0000000009 
-0.0000000010 
-0.0000000022 
-0.0000000036 
-0.0000000059 
-0.0000000098 
-0.0000000161 
-0.0000000264 
-0.0000000434 
-0.0000000714 
-0.0000001175 
-0.0000001933 
-0.0000003179 
-0.0000005229 
-0.0000008600 
-0.0000014146 
-0.0000023269 
-0.0000038273 
-0.0000062954 
-0.0000103550 
-0.0000170324 
-0.0000280161 
-0.0000460569 
-0.0000765551 
-0.0000937643 
-0.0013364069 
0.0026067119 
-0.0044374729 
-0.9432245714 
];
GIter = [0.0013877752 
0.0008306641 
];
end 
