u2 = [0.8303605048 
0.8345310829 
0.8387226083 
0.8429351860 
0.8471689219 
0.8514239222 
0.8557002937 
0.8599981438 
0.8643175803 
0.8686587117 
0.8730216468 
0.8774064953 
0.8818133672 
0.8862423731 
0.8906936242 
0.8951672322 
0.8996633093 
0.9041819686 
0.9087233232 
0.9132874874 
0.9178745756 
0.9224847029 
0.9271179851 
0.9317745385 
0.9364544799 
0.9411579269 
0.9458849975 
0.9506358103 
0.9554104845 
0.9602091402 
0.9650318975 
0.9698788776 
0.9747501998 
0.9796459624 
0.9845660012 
0.9895070530 
0.9944292432 
0.9988603164 
0.9972216557 
0.9236292077 
0.0000000000 
];
u3 = [0.8303605048 
0.8345310832 
0.8387226062 
0.8429351839 
0.8471689198 
0.8514239201 
0.8557002916 
0.8599981417 
0.8643175782 
0.8686587095 
0.8730216446 
0.8774064931 
0.8818133650 
0.8862423709 
0.8906936219 
0.8951672299 
0.8996633070 
0.9041819662 
0.9087233209 
0.9132874850 
0.9178745732 
0.9224847005 
0.9271179827 
0.9317745360 
0.9364544774 
0.9411579244 
0.9458849949 
0.9506358077 
0.9554104820 
0.9602091376 
0.9650318949 
0.9698788753 
0.9747501988 
0.9796460006 
0.9845662895 
0.9895122182 
0.9944746128 
0.9995560622 
1.0026098989 
0.9657773633 
0.0000000000 
];
ue = [0.8303605048 
0.8345310829 
0.8387226083 
0.8429351861 
0.8471689220 
0.8514239223 
0.8557002938 
0.8599981439 
0.8643175804 
0.8686587118 
0.8730216470 
0.8774064955 
0.8818133674 
0.8862423733 
0.8906936243 
0.8951672323 
0.8996633095 
0.9041819687 
0.9087233234 
0.9132874876 
0.9178745758 
0.9224847031 
0.9271179853 
0.9317745387 
0.9364544802 
0.9411579272 
0.9458849977 
0.9506358106 
0.9554104849 
0.9602091405 
0.9650318979 
0.9698788780 
0.9747502007 
0.9796459680 
0.9845660557 
0.9895075929 
0.9944344058 
0.9989066311 
0.9975910287 
0.9258387404 
-0.0000000000 
];
